0.5    0.5        8.5    7.5
16.5   0.5        20.5   5.5
32.5   0.5        33.5   3.5
48.5   0.5        48.5   1.5
64.5   0.5        64.5   1.5
80.5   0.5        80.5   1.5
96.5   0.5        95.5   3.5
112.5  0.5        109.5  5.5
128.5  0.5        121.5  7.5
0.5    16.5       5.5    20.5
16.5   16.5       17.5   16.5
32.5   16.5       31.5   14.5
48.5   16.5       46.5   12.5
64.5   16.5       64.5   11.5
80.5   16.5       81.5   12.5
96.5   16.5       97.5   15.5
112.5  16.5       111.5  16.5
128.5  16.5       123.5  19.5
0.5    32.5       2.5    33.5
16.5   32.5       14.5   31.5
32.5   32.5       29.5   28.5
48.5   32.5       45.5   26.5
64.5   32.5       64.5   24.5
80.5   32.5       83.5   26.5
96.5   32.5       99.5   28.5
112.5  32.5       113.5  31.5
128.5  32.5       125.5  33.5
0.5    48.5       1.5    48.5
16.5   48.5       12.5   47.5
32.5   48.5       26.5   45.5
48.5   48.5       43.5   42.5
64.5   48.5       64.5   40.5
80.5   48.5       85.5   42.5
96.5   48.5       103.5  45.5
112.5  48.5       116.5  46.5
128.5  48.5       127.5  48.5
0.5    64.5       0.5    64.5
16.5   64.5       11.5   64.5
32.5   64.5       24.5   64.5
48.5   64.5       41.5   64.5
64.5   64.5       64.5   64.5
80.5   64.5       87.5   64.5
96.5   64.5       103.5  64.5
112.5  64.5       117.5  64.5
128.5  64.5       128.5  64.5
0.5    80.5       1.5    80.5
16.5   80.5       12.5   81.5
32.5   80.5       25.5   83.5
48.5   80.5       42.5   86.5
64.5   80.5       64.5   87.5
80.5   80.5       86.5   86.5
96.5   80.5       103.5  83.5
112.5  80.5       116.5  81.5
128.5  80.5       127.5  80.5
0.5    96.5       2.5    95.5
16.5   96.5       14.5   97.5
32.5   96.5       28.5   100.5
48.5   96.5       45.5   103.5
64.5   96.5       64.5   104.5
80.5   96.5       83.5   102.5
96.5   96.5       100.5  100.5
112.5  96.5       114.5  97.5
128.5  96.5       125.5  95.5
0.5    112.5      5.5    109.5
16.5   112.5      17.5   111.5
32.5   112.5      30.5   114.5
48.5   112.5      46.5   116.5
64.5   112.5      64.5   117.5
80.5   112.5      81.5   116.5
96.5   112.5      97.5   114.5
112.5  112.5      111.5  111.5
128.5  112.5      123.5  109.5
0.5    128.5      8.5    121.5
16.5   128.5      19.5   123.5
32.5   128.5      33.5   125.5
48.5   128.5      48.5   127.5
64.5   128.5      64.5   127.5
80.5   128.5      80.5   127.5
96.5   128.5      95.5   125.5
112.5  128.5      109.5  123.5
128.5  128.5      121.5  120.5
